6.041850755325214806e-06
9.915511891423067775e-06
7.928286343985026558e-06
7.329484845967996726e-06
6.206231454080320681e-06
6.229143585347494658e-06
6.324494748915087148e-06
6.442611268397184500e-06
6.581772109703701176e-06
6.740221511713015462e-06
6.919248973118899129e-06
7.118242771496437672e-06
7.338506080605306844e-06
7.579606621788396680e-06
7.842800355090054235e-06
8.127733276666861549e-06
8.435620287203944963e-06
8.766140074206943823e-06
9.120456951247474627e-06
9.498262803679154441e-06
9.900707966188858933e-06
1.032747863712088698e-05
1.077964178840137552e-05
1.125685181302433035e-05
1.176011695171127775e-05
1.228908321544866530e-05
1.284470514401105891e-05
1.342663503047728584e-05
1.403578261944628312e-05
1.467181736301822165e-05
1.533561389812363503e-05
1.602688299917457400e-05
1.674649181159926367e-05
1.749426438327989232e-05
1.827110817025259969e-05
1.907701183846835375e-05
1.991298295426971855e-05
2.077924200599227776e-05
2.167692006086614822e-05
2.260648973916503382e-05
2.356925522637752916e-05
2.456605814231462714e-05
2.559855485776603716e-05
2.666817985797388459e-05
2.777709669014519759e-05
2.892742362169834757e-05
3.012196133547049610e-05
3.136377790155128428e-05
3.265661982788240002e-05
3.400475583607752509e-05
3.541316635006854798e-05
3.688781643309410542e-05
3.843545689692007196e-05
4.006410806294792776e-05
4.178257583142694831e-05
4.360140208417840311e-05
4.553220286821564513e-05
4.758883481756336368e-05
4.978656402413304290e-05
5.214350948976570314e-05
5.467937943741594501e-05
5.741678554179555929e-05
6.037973663044973201e-05
6.359527548077582198e-05
6.709192516805117634e-05
7.090103159962683668e-05
7.505431703004672233e-05
7.958474486697921543e-05
8.452519625036384113e-05
8.991307123184407693e-05
9.579482621634482283e-05
1.022314110813071823e-04
1.092801621994986619e-04
1.169682212266928034e-04
1.252956959859426644e-04
1.342813879471540400e-04
1.439904462387594673e-04
1.545363231475071651e-04
1.660652895623224059e-04
1.787466944494195181e-04
1.927588041614109230e-04
2.082857570898399868e-04
2.255119364696353882e-04
2.446275733732072312e-04
2.658290191907463013e-04
2.893283733082466658e-04
3.153560747143641248e-04
3.441711624581701755e-04
3.760640058136281261e-04
4.113647660508542615e-04
4.504450843073378049e-04
4.937236914581116364e-04
5.416672369592975779e-04
5.947939968518975050e-04
6.536750223018303503e-04
7.189368950666475246e-04
7.912622618778997240e-04
8.713899305547942193e-04
9.601180707961773364e-04
1.058304280445320541e-03
1.166874050692851645e-03
1.286824803334044899e-03
1.419236716559901411e-03
1.565276167529037945e-03
1.726204839721064014e-03
1.903378434929023626e-03
2.098252255695934581e-03
2.312376005715789488e-03
2.547387902117233260e-03
2.804992984239588344e-03
3.086928904464003760e-03
3.394923412001447059e-03
3.730637506551275507e-03
4.095619408263014537e-03
4.491225626091156949e-03
4.918543604097710270e-03
5.378214290547103822e-03
5.870217834694454670e-03
6.393502303029035584e-03
6.945589375317382484e-03
7.522054765452226149e-03
8.116117149005661058e-03
8.718211165801858370e-03
9.315834424428371188e-03
9.893527470100088247e-03
1.043332965048937924e-02
1.091562866531707761e-02
1.132077177646981236e-02
1.163146363855419897e-02
1.183639251454551844e-02
1.193532006258467282e-02
1.194581158692379838e-02
1.191054753876032504e-02
1.190166156653952104e-02
1.201598788415812573e-02
1.235658067545729322e-02
1.300348116338306652e-02
1.398000925528619653e-02
1.523123795996764000e-02
1.664061095424790304e-02
1.806815118870695042e-02
1.937124137253546860e-02
2.042457738336671616e-02
2.112468423512459115e-02
2.137420021120511535e-02
