4.480961913380563023e-15
8.923563038700972449e-09
2.973018839061976295e-09
8.502905163043558438e-09
1.236247277878768801e-08
1.888678617902227647e-08
2.713215418798143020e-08
3.611755545263847880e-08
4.703546476731450725e-08
5.829031963386958232e-08
7.124827074358625982e-08
8.440038344473094422e-08
9.896319724137912200e-08
1.136059874217855725e-07
1.293987803612351226e-07
1.451527265852577473e-07
1.618383235929161579e-07
1.783867065112343984e-07
1.956856854769347834e-07
2.131252355561906354e-07
2.344685470790570041e-07
2.600738113470223370e-07
2.917973788990513816e-07
3.300910895681168491e-07
3.773450333809459831e-07
4.347178136747650527e-07
5.051857590256174071e-07
5.911152406075662046e-07
6.962134299853690015e-07
8.244943932307501917e-07
9.808975438054382129e-07
1.171478539258341766e-06
1.403257299081400901e-06
1.684952787453216104e-06
2.026277717897332662e-06
2.439925205223120318e-06
2.939256046216447385e-06
3.541710654875432067e-06
4.265918186453894255e-06
5.136264375480141795e-06
6.177583934790628496e-06
7.422983983153357793e-06
8.904117416637166642e-06
1.063945223158001639e-05
1.265672491900888004e-05
1.499287914748996188e-05
1.768605990441052318e-05
2.078055855947727665e-05
2.432123763647434767e-05
2.835912614002865983e-05
3.294869113515708382e-05
3.814647916275927883e-05
4.401718110448538058e-05
5.062458530967921852e-05
5.804318438553135201e-05
6.634609921639495161e-05
7.562200349190519911e-05
8.595234857591802793e-05
9.743166465168419073e-05
1.101665116201152803e-04
1.242518707553218237e-04
1.398153220621742678e-04
1.569704976171466630e-04
1.758451977804539011e-04
1.965995182795851213e-04
2.193708798377627678e-04
2.443226721527313647e-04
2.716460211382097341e-04
3.015420517192753678e-04
3.342113827622815079e-04
3.699211427181480611e-04
4.089321334375039738e-04
4.515481637384322305e-04
4.980947292519353467e-04
5.489201567399004059e-04
6.044183126873667886e-04
6.650301845281585350e-04
7.313219092185294047e-04
8.038586742397395204e-04
8.832071905823394090e-04
9.700912388854207417e-04
1.065179959200839065e-03
1.169404698423716620e-03
1.283582481608317154e-03
1.408550180837968464e-03
1.545599438790207225e-03
1.695888858642709014e-03
1.860598334009593621e-03
2.041099671426878717e-03
2.239077427652484947e-03
2.456350761659240826e-03
2.694494284625537518e-03
2.955663729896451306e-03
3.242058936111718442e-03
3.556245416519951321e-03
3.900469731576929836e-03
4.277813690411826769e-03
4.691199558365857086e-03
5.143822653325975935e-03
5.638675342933841157e-03
6.179807961403287545e-03
6.771086848298145215e-03
7.415859363849244476e-03
8.118785827433470589e-03
8.883383083887953779e-03
9.713382997023985513e-03
1.061363585314740315e-02
1.158665210453609790e-02
1.263706918481942790e-02
1.376693826355861530e-02
1.497887641799204063e-02
1.627513046948919628e-02
1.765569620078191390e-02
1.912141113898759015e-02
2.066955824878036543e-02
2.229803011516744843e-02
2.400288486030277210e-02
2.577653166579425489e-02
2.761681730858278269e-02
2.951258970849363061e-02
3.145356212738217860e-02
3.342753350155844294e-02
3.542366081013588464e-02
3.743246770009898278e-02
3.943805852843193516e-02
4.142634535619917763e-02
4.339102855394600528e-02
4.531638711913295314e-02
4.718938214560578631e-02
4.900628613302770997e-02
5.075534764999911630e-02
5.242760731217279563e-02
5.402295163745759327e-02
5.553072142933151989e-02
5.694711393025191776e-02
5.826992694571840603e-02
5.949480257361457886e-02
6.061193218643993325e-02
6.161154218588562465e-02
6.248591468939811849e-02
6.323025094728727813e-02
6.383722041044541384e-02
6.429026371270744888e-02
6.456934678718774523e-02
6.466332794155833785e-02
