8.475307424139568815e-06
8.475499138665003497e-06
8.509416241276964682e-06
8.559881967132465264e-06
8.642664937015670569e-06
8.753925306189477303e-06
8.892937690910547019e-06
9.059387350139508116e-06
9.252731311102787575e-06
9.473685182980874593e-06
9.722463936706611957e-06
9.999724148246772127e-06
1.030594302862536834e-05
1.064176377615992089e-05
1.100776126166212974e-05
1.140457760787308071e-05
1.183281382846770470e-05
1.229309686502163835e-05
1.278601554570784767e-05
1.331215866967529796e-05
1.387207563597424496e-05
1.446630320340473411e-05
1.509533236358007347e-05
1.575962781200784812e-05
1.645961576314511668e-05
1.719568971843124028e-05
1.796820198508986604e-05
1.877747675374714749e-05
1.962380393891133772e-05
2.050744801948449963e-05
2.142865196920264338e-05
2.238763103885699649e-05
2.338459557191891876e-05
2.441975110019266318e-05
2.549329246109196322e-05
2.660543675398766844e-05
2.775640487855220368e-05
2.894645392693957861e-05
3.017586486431915674e-05
3.144496370134363956e-05
3.275412849905935973e-05
3.410379038673533130e-05
3.549445146014815802e-05
3.692668669668634237e-05
3.840117253065211895e-05
3.991866818605350445e-05
4.148003548944074131e-05
4.308623577519876300e-05
4.473833807337477338e-05
4.643751870997827274e-05
4.818506403049127725e-05
4.998238326580260266e-05
5.183097289700647052e-05
5.373244065796299292e-05
5.568846174866024889e-05
5.770075080018777463e-05
5.977105076206587047e-05
6.190105896413252925e-05
6.409242043537191050e-05
6.634664059731498525e-05
6.866503653318670739e-05
7.104863247163004255e-05
7.349810217318742506e-05
7.601369107588977026e-05
7.859516940307540475e-05
8.124172865539007091e-05
8.395199198047326476e-05
8.672396407238678511e-05
8.955521116387819120e-05
9.244288216362221461e-05
9.538407966475952377e-05
9.837709095656612822e-05
1.014252201016903446e-04
1.045403313110822866e-04
1.077406103083476235e-04
1.110441134927197821e-04
1.144654312638142881e-04
1.180158433463244437e-04
1.217045239738687683e-04
1.255393403371637571e-04
1.295274563754075119e-04
1.336756299651995633e-04
1.379904926497289798e-04
1.424787719542024926e-04
1.471472820466105194e-04
1.520029487729482125e-04
1.570526947849518477e-04
1.623033939561771501e-04
1.677617743014701043e-04
1.734342656054965878e-04
1.793270301423866464e-04
1.854458962757080944e-04
1.917964331435918399e-04
1.983838531157302687e-04
2.052130473333314430e-04
2.122886369851027235e-04
2.196146855112594126e-04
2.271943403466429113e-04
2.350296825764279854e-04
2.431206721657296684e-04
2.514646251324275565e-04
2.600549243358678980e-04
2.688799479738577494e-04
2.779218908514080881e-04
2.871560804824003122e-04
2.965500212846980421e-04
3.060629630521027574e-04
3.156449744920053892e-04
3.252362130045894587e-04
3.347665362971404446e-04
3.441565193521891599e-04
3.533208048690889241e-04
3.621726017225998756e-04
3.706283478577658292e-04
3.786095404470510100e-04
3.860437000028262965e-04
3.928654341503546644e-04
3.990218409408782395e-04
4.044802340911733424e-04
4.092383504593870161e-04
4.133355100946358818e-04
4.168552388193580535e-04
4.199146507444679872e-04
4.226547973995673922e-04
4.252512824831560325e-04
4.279161049855120108e-04
4.308555564516326091e-04
4.342350003066105233e-04
4.381902409211612531e-04
4.428154413465760337e-04
4.480645200926289826e-04
4.537397691681900646e-04
4.597082059159820436e-04
4.662775013908568062e-04
4.744554614627648475e-04
4.868784305743959579e-04
5.106061463854576123e-04
5.587028202473401069e-04
6.309805014948872363e-04
6.897233214624029713e-04
7.131283060720070878e-04
7.147047110236243433e-04
6.887200192650467850e-04
6.431029093210264592e-04
6.199028678554039436e-04
