5.127999929791287936e-06
5.760595892639187454e-06
5.383149343085314982e-06
5.330740083442022745e-06
5.247309199780408460e-06
5.311718332172225844e-06
5.395992798996762973e-06
5.497171669421744589e-06
5.615336770750906167e-06
5.750570309717949598e-06
5.902970167799489783e-06
6.073011468794958011e-06
6.260792014741142276e-06
6.466975147356706573e-06
6.691629989886913653e-06
6.935504734362871819e-06
7.198636815551646537e-06
7.481808334308304790e-06
7.785025579483458177e-06
8.109070965222950532e-06
8.453842784419868768e-06
8.820090337693329972e-06
9.207711955372662534e-06
9.617396543423077160e-06
1.004899410979651883e-05
1.050313808125013967e-05
1.097962359819324478e-05
1.147902089441552250e-05
1.200106833753988862e-05
1.254626612494268328e-05
1.311429234869782528e-05
1.370557579591536911e-05
1.431974551419048757e-05
1.495717391890987873e-05
1.561745245756094650e-05
1.630091673311691818e-05
1.700717149735585530e-05
1.773656809015638241e-05
1.848877888282505431e-05
1.926420900680623390e-05
2.006265822901082273e-05
2.088471574872169671e-05
2.173055046541530209e-05
2.260113421443688279e-05
2.349710183560896150e-05
2.441995067370247754e-05
2.537101546722554131e-05
2.635270313183415015e-05
2.736762745833641841e-05
2.841985213688879550e-05
2.951404977487021895e-05
3.065657470076326883e-05
3.185483486099250256e-05
3.311834889009024997e-05
3.445826134989018287e-05
3.588816827036096904e-05
3.742401940868891603e-05
3.908468379982960581e-05
4.089218160266411403e-05
4.287180335016080470e-05
4.505251081361391630e-05
4.746684034670501913e-05
5.015202967509456574e-05
5.314968426059259995e-05
5.650672165884696959e-05
6.027413218036849717e-05
6.450816205949170754e-05
6.926992265671310669e-05
7.462839100348615784e-05
8.066181999725868508e-05
8.746125914247060646e-05
9.511978328782566853e-05
1.037003567183097030e-04
1.132022402887325740e-04
1.235851707852506369e-04
1.348309645082502127e-04
1.469898991258881211e-04
1.601794013545091832e-04
1.745624743965791623e-04
1.903207054758587009e-04
2.076421857837173644e-04
2.267132801026137609e-04
2.477232168756790770e-04
2.708668473457479615e-04
2.963550649490619615e-04
3.244192469456005229e-04
3.553197987388012190e-04
3.893468372770409348e-04
4.268241688632741309e-04
4.681080162688577460e-04
5.135905367106593893e-04
5.637005982452961703e-04
6.189076954666010042e-04
6.797242576670178621e-04
7.467085387657573835e-04
8.204693178679205645e-04
9.016675331389344605e-04
9.910217240796576933e-04
1.089308628842040492e-03
1.197364887208355417e-03
1.316081305535772008e-03
1.446399464581948121e-03
1.589298123414409391e-03
1.745787031261100642e-03
1.916893698438111408e-03
2.103660800948976232e-03
2.307140789309607316e-03
2.528404544498330693e-03
2.768545046930537008e-03
3.028692685727834254e-03
3.310014617305069486e-03
3.613714164556653969e-03
3.940993991618518474e-03
4.292998183306478630e-03
4.670688635754218464e-03
5.074661243221626275e-03
5.504858462147116209e-03
5.960204114097544109e-03
6.438167953811382155e-03
6.934314912606907161e-03
7.441869115840637691e-03
7.951382064370141056e-03
8.450500892793019747e-03
8.923933623955807373e-03
9.353570179989148872e-03
9.718940250859550711e-03
9.998059785457698995e-03
1.016894816155821703e-02
1.021211101625927112e-02
1.011488603786867349e-02
9.879186194116715627e-03
9.535844204328257356e-03
9.168814249618073564e-03
8.943332410310922409e-03
9.089156494224263222e-03
9.784833299251163505e-03
1.106397408458755470e-02
1.284858831118813882e-02
1.499742031102184632e-02
1.732749624435109964e-02
1.962057629328142760e-02
2.164767428667764212e-02
2.323772091159297462e-02
2.427997984978070775e-02
2.465144086374579727e-02
