1.118563065019619751e-05
1.119474695452133905e-05
1.122415846613801972e-05
1.127167189810547967e-05
1.133714318822671410e-05
1.142273680546009254e-05
1.152703250816814589e-05
1.165039179367585994e-05
1.179165929314719034e-05
1.195098395011778334e-05
1.212811582611020110e-05
1.232349375727829771e-05
1.253597043814735455e-05
1.276670541365824978e-05
1.301255580587041892e-05
1.327639689498870134e-05
1.355486248833903669e-05
1.385028135670158628e-05
1.415997712296327358e-05
1.448448974722864231e-05
1.482244142037488880e-05
1.517513861928992010e-05
1.554039502863580291e-05
1.591743962081129535e-05
1.630782885498992043e-05
1.670941044828032243e-05
1.712059026827963680e-05
1.754322973516205095e-05
1.797541906900807849e-05
1.841636703482459254e-05
1.886728368489018194e-05
1.932469040165442532e-05
1.979148911099639179e-05
2.026488011488297532e-05
2.074370536760326259e-05
2.123115984032046403e-05
2.172263526546676650e-05
2.222015935779970259e-05
2.272399196614814469e-05
2.323145708833965304e-05
2.374390171861123707e-05
2.426175762924688965e-05
2.478271034723847309e-05
2.530747812013805852e-05
2.583698515899500862e-05
2.636965761477086002e-05
2.690729849920884574e-05
2.744756316907045633e-05
2.799228481373019950e-05
2.854093457668533250e-05
2.909306884978165062e-05
2.964792001685366110e-05
3.020543209242346273e-05
3.076609131427551411e-05
3.132993717365803167e-05
3.189760575071659164e-05
3.246903403981103980e-05
3.304429344076789769e-05
3.362293128294654255e-05
3.420750034264498048e-05
3.479769986701611924e-05
3.539236154128590526e-05
3.599402081096427452e-05
3.660060092497635311e-05
3.721377061689604430e-05
3.783342105023681948e-05
3.846131225597582663e-05
3.909339661116221321e-05
3.973428948722261436e-05
4.038224564227075957e-05
4.103815696888609994e-05
4.170318955757373614e-05
4.237930651980837071e-05
4.306599595467462975e-05
4.376446724719065557e-05
4.447420395444834969e-05
4.519766075639710138e-05
4.593478539896641460e-05
4.668526955264143576e-05
4.745157458446151602e-05
4.823536772559098630e-05
4.903865480001005830e-05
4.985881279889882678e-05
5.069913976445744385e-05
5.156066939862687570e-05
5.244521841604337959e-05
5.335244905243754821e-05
5.428363844493345141e-05
5.524116012498219775e-05
5.622631047783469216e-05
5.724131911515451774e-05
5.828447239252396243e-05
5.936012335417223488e-05
6.046961102745408403e-05
6.161116838988476251e-05
6.278811882147302878e-05
6.400150998731138656e-05
6.525250097825625276e-05
6.654062207890741219e-05
6.786389614766885929e-05
6.922275983719139870e-05
7.061859486713766595e-05
7.205289614055012000e-05
7.352648138822522148e-05
7.503906058729751930e-05
7.659349304460360164e-05
7.818972695545432219e-05
7.983570688288130104e-05
8.153173344285152629e-05
8.328244842773626169e-05
8.509181388143159858e-05
8.696889355533486568e-05
8.892453481745825501e-05
9.096353222673682012e-05
9.308721517477748964e-05
9.530185226403170128e-05
9.759767851198155231e-05
9.998159917285989089e-05
1.024496993355216427e-04
1.050118697829577357e-04
1.076682045468666676e-04
1.104168272352590340e-04
1.132486617803948854e-04
1.161473651690280026e-04
1.191135932549496106e-04
1.221424526549189430e-04
1.252243742586468930e-04
1.283428756327513779e-04
1.314827132908059091e-04
1.346029289583512928e-04
1.376795487026933695e-04
1.406515853311296135e-04
1.435075548150586348e-04
1.462397131864725456e-04
1.487064584299367480e-04
1.508017306552932079e-04
1.525022554509477461e-04
1.539026216533856200e-04
1.549751722738070491e-04
1.556894340331517110e-04
1.560418778674354211e-04
1.561086281466503528e-04
1.560537357698185169e-04
1.559013158595069900e-04
1.558175848598203123e-04
