1.135310647620245101e-05
1.085283045398448683e-05
1.142073532271327607e-05
1.182574322505483322e-05
1.135362839538585803e-05
1.162687588658601169e-05
1.169088874230831172e-05
1.182682915171495719e-05
1.196763608518955318e-05
1.212690017127358463e-05
1.230956961184764942e-05
1.250223306352377860e-05
1.272043472485722738e-05
1.294785238111222096e-05
1.319826952066127342e-05
1.345804315358793053e-05
1.373961971188793760e-05
1.403005490225301957e-05
1.434148208433211532e-05
1.465958802602131112e-05
1.499665764657315481e-05
1.534141619693823221e-05
1.570343484011618035e-05
1.607016611699735865e-05
1.645433707210322278e-05
1.684482919137144912e-05
1.724608830961979326e-05
1.765498279880185816e-05
1.807461856647292172e-05
1.849884287858588478e-05
1.893436224961656978e-05
1.937194809913932598e-05
1.982034005353772036e-05
2.027198730326219592e-05
2.072847780571891550e-05
2.119203580066924240e-05
2.165836279424155638e-05
2.212782198500461522e-05
2.260468289013681546e-05
2.308093149212284503e-05
2.356331614438681739e-05
2.404920310485562303e-05
2.453760919497252217e-05
2.502770415435167848e-05
2.552216313002357215e-05
2.601797810772873046e-05
2.651700904691640110e-05
2.702009393286697664e-05
2.753196375928569609e-05
2.805073974582201273e-05
2.857511186422035399e-05
2.910338709973883529e-05
2.963519175615825772e-05
3.017182896200239068e-05
3.071229434736961870e-05
3.125786632269840216e-05
3.180749736213722223e-05
3.236091800282536279e-05
3.291760657258406168e-05
3.348201645565993000e-05
3.405231568398516315e-05
3.462666412603924781e-05
3.520544273556442273e-05
3.578232864580346671e-05
3.635689052974017533e-05
3.692472195960206044e-05
3.748394594039850756e-05
3.803045032064440121e-05
3.857237442648078985e-05
3.911362430295171823e-05
3.966805599786270569e-05
4.025386029980278669e-05
4.089396460506328814e-05
4.160963125256154894e-05
4.239798495346166725e-05
4.321392067797329346e-05
4.403055814601939652e-05
4.484726676911125618e-05
4.567372576509389154e-05
4.652284730670524620e-05
4.740218537118062926e-05
4.831489387119503780e-05
4.925902565560250394e-05
5.023403195338997380e-05
5.123668976783899212e-05
5.226651353184357213e-05
5.332061263817611528e-05
5.439991933765346815e-05
5.550826624988051868e-05
5.664852416269003539e-05
5.782558078109819102e-05
5.904144986125268660e-05
6.030361690285742634e-05
6.161135976080872579e-05
6.296341204888978671e-05
6.435964760868774363e-05
6.579638032053547274e-05
6.726652465561848632e-05
6.876374264441576314e-05
7.026707881236299085e-05
7.175863451365639245e-05
7.321535144202588130e-05
7.461915856976450857e-05
7.595969298297368031e-05
7.724143531914364868e-05
7.849335249139471080e-05
7.979846814687137704e-05
8.126202128432148230e-05
8.301403737744421330e-05
8.524038052659348836e-05
8.787740502195374580e-05
9.089937139849084435e-05
9.454165741687380292e-05
9.874221133687711375e-05
1.031832043678506636e-04
1.076873263214048486e-04
1.121653426901918102e-04
1.166259879747947507e-04
1.211531126708623152e-04
1.258580570915655112e-04
1.308971008420278066e-04
1.363879324563697882e-04
1.424049261015469857e-04
1.489430141059124967e-04
1.558587315561393806e-04
1.632304676135058264e-04
1.702354855062026228e-04
1.762020064279577801e-04
1.804344880670311947e-04
1.823343780382574969e-04
1.823303154489924185e-04
1.839849238152969305e-04
1.841477858255064566e-04
1.821952108365753708e-04
1.772336566970848153e-04
1.691857141362366373e-04
1.591164027347966286e-04
1.543428699798533963e-04
1.757751751173596629e-04
2.159384658085035228e-04
2.673744897353083692e-04
3.239927142468487288e-04
3.785626418325315520e-04
4.139728007777673108e-04
4.258059320121061839e-04
