1.179602831143644153e+02
1.178940352007004435e+02
1.170821668207971840e+02
1.144907618343768974e+02
1.101690110001614329e+02
1.054693467188996294e+02
1.012941062016388827e+02
9.769308684003584631e+01
9.462316979243480830e+01
9.210742647369339409e+01
9.005659229242856156e+01
8.829048605212449274e+01
8.661536759233696614e+01
8.496561308545720692e+01
8.334772513820493600e+01
8.180303115865390851e+01
8.037242498477822039e+01
7.904303128826983027e+01
7.775890537768640343e+01
7.653947406381688268e+01
7.554178115732693755e+01
7.478786690730004239e+01
7.410925785982483660e+01
7.342161306502427465e+01
7.276135176142943806e+01
7.224970390876863746e+01
7.177290826376906807e+01
7.122941357480601710e+01
7.070269407565092479e+01
7.026567248092827356e+01
6.985095848338960423e+01
6.951777873624445192e+01
6.945901668641060667e+01
6.956237347171155250e+01
6.963234617368529200e+01
6.970132550081356726e+01
6.982304152445495049e+01
6.997846655668571714e+01
7.015965948083034220e+01
7.043713262425298183e+01
7.080445786707204547e+01
7.124761289920739671e+01
7.180213128621306851e+01
7.246544666163028126e+01
7.314737528637455455e+01
7.372591712905905581e+01
7.419748497734757109e+01
7.471725817941721459e+01
7.541989012617396781e+01
7.629155645361495885e+01
7.723383537301833712e+01
7.813262412151000547e+01
7.894434544533031328e+01
7.967861563973828254e+01
8.032094777630319982e+01
8.086499866933463920e+01
8.128949539688828452e+01
8.160258336966688830e+01
8.186426700759743369e+01
8.214558945693096348e+01
8.251118298515316951e+01
8.298364982107240451e+01
8.355192081405581916e+01
8.424208263505889249e+01
8.514552863722805398e+01
8.634830173901308115e+01
8.791010510688174406e+01
8.983635446106401901e+01
9.196659034886152995e+01
9.390190651381364262e+01
9.483203034895744565e+01
9.335042996538582827e+01
8.823156867256292912e+01
7.989458587349903951e+01
7.047831066274868306e+01
6.199623575933333797e+01
5.507267486135746992e+01
4.968882110693458998e+01
4.566961428722321159e+01
4.271633334845989083e+01
4.052488708650005833e+01
3.883768526893194917e+01
3.745252327970896999e+01
3.623415915796581288e+01
3.512308657849994376e+01
3.411570528700498528e+01
3.322776079636712865e+01
3.246481116965500746e+01
3.181005362809337811e+01
3.123074223648450243e+01
3.069246840422130518e+01
3.017210677012773701e+01
2.966156089290191744e+01
2.916207920152566402e+01
2.867840143366219863e+01
2.821283268685557388e+01
2.776713509223808529e+01
2.734329155341404771e+01
2.694716487512882352e+01
2.658573537888119276e+01
2.626464554615441216e+01
2.598362443763707930e+01
2.573724697422031227e+01
2.551731737485084750e+01
2.531849241658094485e+01
2.513908711310893196e+01
2.498105312354330820e+01
2.484521278411380862e+01
2.472867870771723275e+01
2.462430971433659721e+01
2.452164727558585255e+01
2.441118668621150434e+01
2.428388109964366848e+01
2.413387557049281185e+01
2.395653268568045746e+01
2.374908031704720557e+01
2.351143074695355395e+01
2.324510690478622266e+01
2.295843431911315946e+01
2.266239012536221509e+01
2.237713929077402852e+01
2.212283501218625048e+01
2.192559312168041430e+01
2.180509032109655365e+01
2.178089352189820005e+01
2.185998153503509300e+01
2.204659037545723166e+01
2.233454658494983036e+01
2.272053401090219538e+01
2.319397464646085538e+01
2.374517467564640683e+01
2.435481411309317323e+01
2.500414536853906000e+01
2.567066879561352621e+01
2.632997419527670502e+01
2.696045978529900466e+01
2.754503099499436658e+01
2.808615455917339077e+01
2.854989204665359992e+01
2.883786497518596192e+01
2.920079156489019567e+01
3.044469086651429990e+01
3.285424002736710491e+01
3.534608610143999385e+01
3.573693927358826983e+01
