5.983528784626739707e+02
5.983356898888453088e+02
5.980812848719106114e+02
5.970128227424768284e+02
5.943880501153234945e+02
5.899241442241302593e+02
5.837732405695838906e+02
5.764140234181646747e+02
5.680259494192632701e+02
5.585424237826887293e+02
5.480029583935038318e+02
5.364210319224868044e+02
5.238853256094397466e+02
5.104561782518447899e+02
4.962629353663501206e+02
4.815115425595055854e+02
4.662390199153414301e+02
4.507526751700991099e+02
4.350856906185308617e+02
4.194682661987671963e+02
4.039195015262532138e+02
3.885474243992870811e+02
3.734376760613669717e+02
3.587162330320063575e+02
3.444611115475876204e+02
3.307497804299981681e+02
3.176382470282695749e+02
3.051617712971279275e+02
2.933904798364217754e+02
2.823824742525165448e+02
2.722048526466661542e+02
2.628881815232805366e+02
2.544995259061035995e+02
2.471186312812548351e+02
2.407290095269696053e+02
2.354080379602843038e+02
2.312483863447913848e+02
2.283588256385519344e+02
2.269194591235133487e+02
2.271528725604084684e+02
2.293972910501163653e+02
2.342645292234907117e+02
2.440986490713286230e+02
2.558466555992802682e+02
2.670555193986812128e+02
2.777396181624966403e+02
2.878925642792559643e+02
2.974967293700862569e+02
3.065452267531939583e+02
3.149851321470321750e+02
3.228267976969278266e+02
3.300079822490304764e+02
3.365039559639641311e+02
3.422972884674476290e+02
3.473696221374726747e+02
3.516917307247155691e+02
3.552463345123898080e+02
3.580375178768031219e+02
3.600359948920847160e+02
3.612183770164783141e+02
3.615643164705173263e+02
3.610456275803830977e+02
3.596483251838790807e+02
3.573711849883102332e+02
3.542062488694136277e+02
3.501980572238250033e+02
3.454107797103533244e+02
3.399241216551056368e+02
3.338887341104504003e+02
3.274606653877746112e+02
3.207834045354684918e+02
3.139654137962046434e+02
3.069936198773844467e+02
2.998312874942115513e+02
2.925404837880579407e+02
2.853502385962152630e+02
2.784887195100883446e+02
2.720334611833854410e+02
2.659091348500605250e+02
2.600036314793063639e+02
2.542255230448566010e+02
2.485221132092443099e+02
2.428764391605363073e+02
2.372600221429506178e+02
2.316763126577259015e+02
2.261064168500018070e+02
2.205496854294376590e+02
2.149915588317744550e+02
2.094358876708286061e+02
2.038777981411631686e+02
1.983061727542158792e+02
1.927309301202004974e+02
1.871394579694310210e+02
1.815320678337997720e+02
1.759172582041450710e+02
1.702831323827508072e+02
1.646454143935910679e+02
1.589931187400960937e+02
1.533414393121222759e+02
1.476848649708865651e+02
1.420334768673438646e+02
1.363874364792732763e+02
1.307558529723847300e+02
1.251418457877319952e+02
1.195567761184633326e+02
1.140042458827934695e+02
1.084988490488714632e+02
1.030427595215683994e+02
9.765414937947178942e+01
9.233955948054233431e+01
8.711521151818934072e+01
8.199276401106615708e+01
7.698196661076543990e+01
7.210094498918424222e+01
6.736468110168758017e+01
6.278298160554180640e+01
5.837393879697315668e+01
5.414981468665247633e+01
5.012464197273911282e+01
4.631033695528735450e+01
4.271875863606172885e+01
3.936026237277406636e+01
3.624292541390148870e+01
3.337291847406289946e+01
3.075633168314517718e+01
2.839659024300878798e+01
2.629603178931141727e+01
2.445575549707282903e+01
2.287504938673494337e+01
2.155405717825412992e+01
2.049036389605194941e+01
1.967401394787043500e+01
1.907771446610199106e+01
1.865530432297208918e+01
1.837284583314342612e+01
1.820453120017399229e+01
1.813231055436872197e+01
1.813690785185398013e+01
1.818593607285048819e+01
1.822742570942294904e+01
1.823044334521274834e+01
1.821281750133370281e+01
1.820039581709302468e+01
1.819726125789204474e+01
1.819708654837809902e+01
