0.000000000000000000e+00
1.104138964945705181e+00
4.339851706830025968e+00
9.282951678526842443e+00
1.503884622863582976e+01
2.072602591258801752e+01
2.596968152323010415e+01
3.070035145836213886e+01
3.487066529275372062e+01
3.845743832026442988e+01
4.149493436547309244e+01
4.406257424562139136e+01
4.624527229341274648e+01
4.810234032046433583e+01
4.969305321030918776e+01
5.109405131355163832e+01
5.237871591263027682e+01
5.360313146059821321e+01
5.478133827964045821e+01
5.591433342173351662e+01
5.699419347401849478e+01
5.802101139061937118e+01
5.903201647160098986e+01
6.001855473488629400e+01
6.094326617368263754e+01
6.178331276487171664e+01
6.253745196373832727e+01
6.321884437064494477e+01
6.383012084752409265e+01
6.437461356228622833e+01
6.486631495036544948e+01
6.530151324624098663e+01
6.567271302027467073e+01
6.599941950677673219e+01
6.630838809813003820e+01
6.661445527873863170e+01
6.691691666698260121e+01
6.720864193376517903e+01
6.747861350189126028e+01
6.772236490367063766e+01
6.793960147149995521e+01
6.813151389151894932e+01
6.830294502884689223e+01
6.846234458190281202e+01
6.861904773420404524e+01
6.877252206393323775e+01
6.890899854621444831e+01
6.900853075591912500e+01
6.906350548582297222e+01
6.908205437449062458e+01
6.907325834617768123e+01
6.903841418269711028e+01
6.896816196462451387e+01
6.884575088265201259e+01
6.865631412404540868e+01
6.838982435838356366e+01
6.803858164275543174e+01
6.758382766756719207e+01
6.699033945948879420e+01
6.621621296805436430e+01
6.522273120773338917e+01
6.397256163702802922e+01
6.242201208769033371e+01
6.051213058602906614e+01
5.816859217437109209e+01
5.530829535569749567e+01
5.183890748015559069e+01
4.765681896286872643e+01
4.265090421386242525e+01
3.672558316725025662e+01
2.991079107956426242e+01
2.263122622940033679e+01
1.584592657752046918e+01
1.060161790833277706e+01
7.291311526633168505e+00
5.372319182860121778e+00
4.140898378478063080e+00
3.291679279273638237e+00
2.688585770777867090e+00
2.256903548374429302e+00
1.947496140661609809e+00
1.723445289290872262e+00
1.560784200340966876e+00
1.443903942808895113e+00
1.359339694574503987e+00
1.294312502636423945e+00
1.239783961671398371e+00
1.191980175014629495e+00
1.150420561789206264e+00
1.115451343556419284e+00
1.087117438179199702e+00
1.065034445547795139e+00
1.048196884306006105e+00
1.035382385112277204e+00
1.025516964321431468e+00
1.017868840299936517e+00
1.011855254683288408e+00
1.006977695020342845e+00
1.002641832227151086e+00
9.978622804504314603e-01
9.920041352158343040e-01
9.853066719590237721e-01
9.791603112165311318e-01
9.748280098395780691e-01
9.730930881148911471e-01
9.735365705175277329e-01
9.753284071760125462e-01
9.771136868695731170e-01
9.783595339164089522e-01
9.790106455201215141e-01
9.800002989899070371e-01
9.820544636018949669e-01
9.858390244437347238e-01
9.915344483955988997e-01
9.988273736765175270e-01
1.007518509498722015e+00
1.017014091702381107e+00
1.028129790247427788e+00
1.041650116101601631e+00
1.058117020214740078e+00
1.077000657926802774e+00
1.097645456492078786e+00
1.119452648445528720e+00
1.141608329296413871e+00
1.163924685032694084e+00
1.189582854079867191e+00
1.223618054907782415e+00
1.269596666276637364e+00
1.325529523254780795e+00
1.389544736753042464e+00
1.457098518131981324e+00
1.527091477137102915e+00
1.594051870940115467e+00
1.667296530445531832e+00
1.756094836566850281e+00
1.883576109869402604e+00
2.071784464514401236e+00
2.298588773376947891e+00
2.566597973784981335e+00
2.927871881978423296e+00
3.203916615202108353e+00
2.815220367183573824e+00
1.737202108831485070e+00
5.085636926090951748e-01
0.000000000000000000e+00
