5.064868620303545524e-14
1.001227999800474028e-02
3.899610949320063413e-02
8.045920139647978753e-02
1.208228425388778171e-01
1.475422477937291810e-01
1.588203815094968996e-01
1.640264002073067995e-01
1.703830022936013155e-01
1.754577444147226994e-01
1.802728093859078951e-01
1.907167571041034349e-01
2.000422136418105457e-01
2.107219344364432978e-01
2.293195342706048911e-01
2.508999162589305443e-01
2.786362560128146093e-01
3.060303109203407756e-01
3.317350213614586041e-01
3.589975528419918627e-01
3.807555751134804045e-01
3.990223206355529850e-01
4.143738914927100336e-01
4.304380389119758510e-01
4.450863307602855867e-01
4.575592015347414443e-01
4.677207328055705826e-01
4.758759303672733254e-01
4.822539645631969685e-01
4.857546124468142823e-01
4.878378357113345998e-01
4.917684545585441214e-01
4.947880887361697511e-01
4.964646099959807435e-01
4.984349332769038576e-01
5.001282737136251155e-01
5.013731935014694718e-01
5.011108897448021127e-01
5.001682619030155541e-01
4.956974152914015996e-01
4.949813590986327783e-01
4.907046298278271435e-01
4.880645530009518063e-01
4.836857599299939081e-01
4.793040718372263420e-01
4.752322647868816863e-01
4.715578482366767354e-01
4.677247651851440535e-01
4.641481618002257781e-01
4.614493699942005533e-01
4.628446472822840829e-01
4.625698545823552221e-01
4.610812261863004857e-01
4.579138646581083494e-01
4.527534786927620014e-01
4.459213051484117729e-01
4.386161627822206532e-01
4.304470771813362906e-01
4.209612366137811534e-01
4.149008536625938826e-01
4.108464328425899814e-01
4.052408191968291939e-01
3.962987641556082741e-01
3.830826200156952632e-01
3.660580232082653040e-01
3.445011131031112117e-01
3.207550952847668668e-01
3.045059295318700565e-01
2.905006565366940463e-01
2.744886781674398812e-01
2.536108201623346048e-01
2.234171934800081860e-01
1.818244363008010567e-01
1.321542304872033446e-01
8.484794370041513767e-02
5.138275544629700153e-02
3.688192109837842847e-02
3.142703802971274357e-02
2.783252579804841240e-02
2.523558346887956258e-02
2.313975662219146592e-02
2.149096468136789742e-02
2.031707995059101740e-02
1.927753817347965457e-02
1.826309593129703951e-02
1.724926185636953962e-02
1.631913013136250534e-02
1.552749328391465726e-02
1.488481220610669668e-02
1.428367542282268574e-02
1.366564334296336766e-02
1.303886619791733842e-02
1.242726336200796443e-02
1.184432629424908741e-02
1.130768782686953841e-02
1.079093420206769620e-02
1.026952462562903332e-02
9.721050793740443341e-03
9.161552224404239872e-03
8.634831953509173458e-03
8.143223259915554138e-03
7.648059812986356641e-03
7.186104190399065020e-03
6.774580741793222866e-03
6.365205881380446573e-03
5.929057080460182518e-03
5.486317170267793024e-03
5.053559171585715257e-03
4.621408461720722879e-03
4.195569649758899150e-03
3.838902837866464517e-03
3.738393812410774081e-03
3.856265110850431478e-03
4.118557087057287715e-03
4.446201692876796188e-03
4.911597161592067169e-03
5.414336245927535776e-03
5.913449939423829835e-03
6.339612566194096493e-03
6.733759998007323236e-03
7.084698099578390189e-03
7.538823532337135362e-03
8.030446654519973054e-03
8.510259725940204703e-03
8.927430729931892794e-03
9.332846982166156241e-03
9.683001036879480480e-03
9.977258590033261099e-03
1.028532414473981062e-02
1.046790208845020664e-02
1.035988066587884698e-02
1.006955430811011000e-02
9.695156058180628630e-03
9.274735222792587427e-03
8.970633617543303379e-03
8.899259787608434710e-03
8.855199650938323438e-03
8.936209894469004586e-03
8.860240284294773616e-03
8.819122837908062798e-03
8.546262339459228738e-03
7.011818081723708920e-03
4.199495446453397826e-03
1.213994171654823309e-03
1.477861361178394193e-13
