1.251705609473626026e+02
1.251118342511624917e+02
1.244693592086255336e+02
1.225965708398994849e+02
1.196186436492428129e+02
1.164342062383327914e+02
1.135829874485855981e+02
1.110758635091334270e+02
1.087862317640587406e+02
1.065856020207330630e+02
1.044452333717813417e+02
1.024726714867149155e+02
1.007478750482061400e+02
9.923071266782510236e+01
9.783131043154132556e+01
9.653816588606552784e+01
9.529658339354116947e+01
9.417060222318460205e+01
9.313739099664493892e+01
9.215854682226682826e+01
9.129743291953437279e+01
9.050526953699619526e+01
8.995227373896372569e+01
8.954899224643187949e+01
8.911560406894786013e+01
8.864011444933389328e+01
8.822606752362790417e+01
8.789700255051795352e+01
8.766933399449958131e+01
8.758846122614194485e+01
8.760605608681021295e+01
8.759991229854104233e+01
8.768315672279372563e+01
8.784483803866878304e+01
8.805647469483912460e+01
8.834387089013981154e+01
8.869660815075246774e+01
8.903847906017539060e+01
8.935240959109979997e+01
8.970651725909148411e+01
9.013545252370573735e+01
9.067137580405518804e+01
9.132280659005792245e+01
9.204351265014796013e+01
9.279762585525426744e+01
9.359083958985985419e+01
9.446199223094133401e+01
9.539405399973942679e+01
9.632959178342939310e+01
9.721511348920134310e+01
9.805903982938677643e+01
9.891238656113742422e+01
9.981117430851267613e+01
1.007657185595930542e+02
1.017427459250130966e+02
1.026830883540358883e+02
1.035405504245934196e+02
1.043245742013075272e+02
1.050500591473716270e+02
1.057802268098046170e+02
1.065948451759439592e+02
1.075073463024565967e+02
1.085205532244099516e+02
1.096299023803223207e+02
1.108560652080487614e+02
1.122087410235624958e+02
1.136448193867150565e+02
1.150677197930899638e+02
1.162457699717566300e+02
1.166702179265152495e+02
1.153799287538680431e+02
1.110228374053881168e+02
1.026057023686054350e+02
9.060460977169334740e+01
7.719747442868271037e+01
6.510422794023503457e+01
5.587962879043622877e+01
4.947778423390469271e+01
4.509112661679338174e+01
4.198376767908919049e+01
3.969828794510101488e+01
3.796446372414919068e+01
3.660855775486772501e+01
3.551726923719937190e+01
3.461679724303306926e+01
3.385526905120921981e+01
3.318673333625490329e+01
3.257165052563892971e+01
3.198232162607541440e+01
3.140458318888271805e+01
3.083419195787521616e+01
3.027435464243361096e+01
2.973048375618944661e+01
2.921025600340722406e+01
2.871903338344042211e+01
2.826310986527604996e+01
2.784507398473519757e+01
2.746773364742804446e+01
2.712852535565007273e+01
2.682423799172107337e+01
2.654764972039028947e+01
2.629276343358578316e+01
2.605450589441565512e+01
2.583052662946525757e+01
2.562173089048351216e+01
2.542924546111444428e+01
2.525480159291862492e+01
2.509686753225180311e+01
2.495066724693683824e+01
2.480820168382687640e+01
2.465899375146421946e+01
2.449508531558921121e+01
2.431067347995581684e+01
2.410604736064939857e+01
2.388408989115348291e+01
2.365142440085262265e+01
2.341497570274677287e+01
2.318423366989042833e+01
2.296964446720813768e+01
2.278634621999420062e+01
2.264985289337812802e+01
2.257830224012843345e+01
2.258630949878267913e+01
2.268957776332007015e+01
2.289816712054463821e+01
2.321899511035847397e+01
2.364918916048328867e+01
2.418235534243983054e+01
2.480710898107399842e+01
2.550884295610642027e+01
2.626345350181930982e+01
2.705098772380338090e+01
2.785160334487495248e+01
2.865667462618092998e+01
2.944940733042631820e+01
3.022928097245865686e+01
3.098603703808156595e+01
3.170351118587818462e+01
3.230408461885662774e+01
3.269328397221458005e+01
3.325082739264685472e+01
3.514508497567280898e+01
3.885421138519691198e+01
4.276755959276214014e+01
4.338184758119100337e+01
