4.331582981995332204e+00
4.305828936215077007e+00
3.994947490232818144e+00
3.120587010962180941e+00
1.915532242678015029e+00
9.470657291533839395e-01
5.705901673975606325e-01
6.722444539447984813e-01
7.982982846919156605e-01
7.882266097838682706e-01
6.569091176970597301e-01
5.066861061585161696e-01
4.568271922925766226e-01
5.159872406921712784e-01
5.327976678197621219e-01
5.173210228505044084e-01
5.142972739050221120e-01
5.509487665731431782e-01
5.927750747023100564e-01
6.290379215787218481e-01
6.681689319245299741e-01
7.198722390593531584e-01
7.571800328814239922e-01
7.885226387819205263e-01
8.161349923036238518e-01
8.411763748701817089e-01
8.689557878521231293e-01
9.033266156696680982e-01
9.245370758647862841e-01
9.505293202094158289e-01
9.761957543696981876e-01
9.889591833104955931e-01
9.917238089257590650e-01
9.863055766898181087e-01
9.824461035155034327e-01
1.010639044529557440e+00
1.032038181578694536e+00
1.053245768920517245e+00
1.074638499968773031e+00
1.090771352502513558e+00
1.105454172562223114e+00
1.120087122708609773e+00
1.168175955463739202e+00
1.206623091212891463e+00
1.237714546300207941e+00
1.260003348450271510e+00
1.280851761625476870e+00
1.293630486516776257e+00
1.300939344642096707e+00
1.300666958018815045e+00
1.301297815872950459e+00
1.305930275948010921e+00
1.319285637981034265e+00
1.357692611671412752e+00
1.415356039996388260e+00
1.469092103151757867e+00
1.514544688026813635e+00
1.557860240559345355e+00
1.590799852991848118e+00
1.603125269261817643e+00
1.596910410620097975e+00
1.589665558865390071e+00
1.608172312065236920e+00
1.665832756914237045e+00
1.744247682487915618e+00
1.806566032015694434e+00
1.833016639972474549e+00
1.805504063411578430e+00
1.714600000370599675e+00
1.586016023966613453e+00
1.491560430353289002e+00
1.600070859722013461e+00
1.812206076189320392e+00
1.749503776141213107e+00
1.339860132667547443e+00
8.190444238232544860e-01
4.528677018981252522e-01
3.083474398165152452e-01
2.326141397514699394e-01
1.604854879056958339e-01
1.241270655697493536e-01
1.224256343140952691e-01
1.126057629106130137e-01
1.016515051303880784e-01
9.512583536948870933e-02
8.977383506067722341e-02
8.356937622329665971e-02
7.705482030170708596e-02
7.168716863444084264e-02
6.718652212635764509e-02
6.398239882498385489e-02
6.137997896416799715e-02
5.925537841737522904e-02
5.701891803639620726e-02
5.515089609779054436e-02
5.310121224736048112e-02
5.148941732372211422e-02
4.973128318142234355e-02
4.837254517320156016e-02
4.672987194575422415e-02
4.545207224742495167e-02
4.423131871569905421e-02
4.363451496552864239e-02
4.327568273516572278e-02
4.357278680838108653e-02
4.394316090202114722e-02
4.494854481171807470e-02
4.570125077624476867e-02
4.668013027680848609e-02
4.733170117837010027e-02
4.819536462288730866e-02
4.866995976660887929e-02
4.936589123827418019e-02
4.992411183711559231e-02
5.075861510896703677e-02
5.133055189355907599e-02
5.221198571873335997e-02
5.282686596871983414e-02
5.363163144573257490e-02
5.370650181964688880e-02
5.351005452540474189e-02
5.256282606311982186e-02
5.125534109348458406e-02
4.878545811137011134e-02
4.558190699094372134e-02
4.132462292550472677e-02
3.648443774012664897e-02
3.042373299454374097e-02
2.416825138230371470e-02
1.881664695616659319e-02
2.089138622746000359e-02
3.800383474760465896e-02
6.171283233351865932e-02
8.889845312207250716e-02
1.142807801914649674e-01
1.336228780529661042e-01
1.483470464073792239e-01
1.648377342425013381e-01
1.938477307219407531e-01
2.499463304506518713e-01
3.265476680784029084e-01
3.934834714459349292e-01
4.388363063110832241e-01
4.613136814705953714e-01
4.640346524154265184e-01
