3.333333253860473633e+00
3.332893610000610352e+00
3.331577777862548828e+00
3.329396486282348633e+00
3.326366901397705078e+00
3.322512149810791016e+00
3.317861795425415039e+00
3.312450408935546875e+00
3.306317567825317383e+00
3.299506425857543945e+00
3.292063474655151367e+00
3.284037351608276367e+00
3.275478839874267578e+00
3.266438961029052734e+00
3.256969928741455078e+00
3.247122287750244141e+00
3.236946821212768555e+00
3.226491689682006836e+00
3.215804100036621094e+00
3.204928398132324219e+00
3.193906784057617188e+00
3.182778120040893555e+00
3.171579122543334961e+00
3.160343408584594727e+00
3.149101018905639648e+00
3.137879848480224609e+00
3.126704931259155273e+00
3.115597724914550781e+00
3.104577779769897461e+00
3.093662023544311523e+00
3.082864522933959961e+00
3.072198152542114258e+00
3.061672449111938477e+00
3.051296234130859375e+00
3.041076183319091797e+00
3.031016826629638672e+00
3.021122455596923828e+00
3.011395215988159180e+00
3.001836061477661133e+00
2.992445945739746094e+00
2.983223676681518555e+00
2.974168062210083008e+00
2.965277194976806641e+00
2.956548452377319336e+00
2.947978496551513672e+00
2.939563989639282227e+00
2.931300878524780273e+00
2.923185110092163086e+00
2.915212154388427734e+00
2.907377243041992188e+00
2.899675607681274414e+00
2.892102479934692383e+00
2.884652853012084961e+00
2.877321481704711914e+00
2.870103359222412109e+00
2.862993240356445312e+00
2.855986118316650391e+00
2.849076986312866211e+00
2.842260837554931641e+00
2.835532188415527344e+00
2.828886270523071289e+00
2.822318315505981445e+00
2.815823078155517578e+00
2.809396266937255859e+00
2.803032636642456055e+00
2.796727657318115234e+00
2.790476560592651367e+00
2.784275293350219727e+00
2.778118610382080078e+00
2.772002696990966797e+00
2.765923023223876953e+00
2.759875297546386719e+00
2.753855228424072266e+00
2.747858762741088867e+00
2.741881608963012695e+00
2.735919952392578125e+00
2.729969739913940430e+00
2.724027156829833984e+00
2.718088388442993164e+00
2.712149381637573242e+00
2.706206560134887695e+00
2.700256109237670898e+00
2.694294929504394531e+00
2.688318967819213867e+00
2.682325124740600586e+00
2.676309823989868164e+00
2.670269966125488281e+00
2.664202213287353516e+00
2.658103466033935547e+00
2.651970624923706055e+00
2.645800828933715820e+00
2.639591693878173828e+00
2.633340120315551758e+00
2.627043724060058594e+00
2.620700597763061523e+00
2.614308118820190430e+00
2.607864618301391602e+00
2.601368427276611328e+00
2.594817876815795898e+00
2.588212251663208008e+00
2.581550598144531250e+00
2.574832201004028320e+00
2.568057060241699219e+00
2.561225414276123047e+00
2.554338216781616211e+00
2.547396659851074219e+00
2.540402412414550781e+00
2.533357858657836914e+00
2.526266098022460938e+00
2.519130468368530273e+00
2.511955738067626953e+00
2.504746913909912109e+00
2.497509956359863281e+00
2.490251541137695312e+00
2.482979774475097656e+00
2.475703239440917969e+00
2.468431472778320312e+00
2.461175680160522461e+00
2.453947067260742188e+00
2.446758747100830078e+00
2.439624786376953125e+00
2.432560205459594727e+00
2.425580978393554688e+00
2.418704032897949219e+00
2.411947727203369141e+00
2.405331134796142578e+00
2.398873805999755859e+00
2.392596244812011719e+00
2.386519908905029297e+00
2.380666017532348633e+00
2.375056743621826172e+00
2.369713783264160156e+00
2.364659070968627930e+00
2.359914302825927734e+00
2.355500221252441406e+00
2.351437330245971680e+00
2.347744941711425781e+00
2.344440698623657227e+00
2.341541290283203125e+00
2.339061498641967773e+00
2.337014198303222656e+00
2.335410356521606445e+00
2.334258556365966797e+00
2.333564996719360352e+00
2.333333253860473633e+00
